0,0,0|0,0,0|0,0,0|0,0,0|0,0,0|0,0,0|0,0,0|0,0,0|0,0,0|0,0,0|0,0,0|0,0,0|0,0,0|0,0,0|0,0,0|0,0,0|0,0,0|0,0,0|0,0,0|0,0,0|0,0,0|0,0,0|0,0,0|0,0,0|0,0,0|0,0,0|0,0,0|0,0,0|0,0,0|0,0,0|0,0,0|0,0,0|0,0,0|0,0,0|0,0,0|0,0,0|0,0,0|0,0,0|0,0,0|0,0,0|0,0,0|0,0,0|0,0,0|0,0,0|0,0,0|0,0,0|0,0,0|0,0,0|0,0,0|0,0,0
0,0,0|0,0,0|0,0,0|0,0,0|0,0,0|0,0,0|0,0,0|0,0,0|0,0,0|0,0,0|0,0,0|0,0,0|0,0,0|0,0,0|0,0,0|0,0,0|0,0,0|0,0,0|0,0,0|0,0,0|0,0,0|0,0,0|0,0,0|0,0,0|0,0,0|0,0,0|0,0,0|0,0,0|0,0,0|0,0,0|0,0,0|0,0,0|0,0,0|0,0,0|0,0,0|0,0,0|0,0,0|0,0,0|0,0,0|0,0,0|0,0,0|0,0,0|0,0,0|0,0,0|0,0,0|0,0,0|0,0,0|0,0,0|0,0,0|0,0,0
0,0,0|0,0,0|0,0,0|0,0,0|0,0,0|0,0,0|0,0,0|0,0,0|0,0,0|0,0,0|0,0,0|0,0,0|0,0,0|0,0,0|0,0,0|0,0,0|0,0,0|0,0,0|0,0,0|0,0,0|7,0,0|5,0,0|5,0,0|5,0,0|5,0,0|5,0,0|5,0,0|5,0,0|6,0,0|0,0,0|0,0,0|0,0,0|0,0,0|0,0,0|0,0,0|0,0,0|0,0,0|0,0,0|0,0,0|0,0,0|0,0,0|0,0,0|0,0,0|0,0,0|0,0,0|0,0,0|0,0,0|0,0,0|0,0,0|0,0,0
0,0,0|0,0,0|0,0,0|0,0,0|0,0,0|0,0,0|0,0,0|0,0,0|0,0,0|0,0,0|0,0,0|0,0,0|0,0,0|0,0,0|0,0,0|0,0,0|0,0,0|0,0,0|0,0,0|0,0,0|4,0,0|1,9,0|1,10,0|1,10,0|1,9,0|1,10,0|1,10,0|1,9,0|4,0,0|0,0,0|0,0,0|0,0,0|0,0,0|0,0,0|0,0,0|0,0,0|0,0,0|0,0,0|0,0,0|0,0,0|0,0,0|0,0,0|0,0,0|0,0,0|0,0,0|0,0,0|0,0,0|0,0,0|0,0,0|0,0,0
0,0,0|0,0,0|7,0,0|5,0,0|5,0,0|5,0,0|5,0,0|5,0,0|5,0,0|5,0,0|5,0,0|5,0,0|5,0,0|5,0,0|5,0,0|6,0,0|0,0,0|0,0,0|0,0,0|0,0,0|4,0,0|1,0,0|1,0,0|1,0,0|1,0,0|1,0,0|1,0,0|1,78,0|4,0,0|0,0,0|0,0,0|0,0,0|0,0,0|0,0,0|0,0,0|0,0,0|0,0,0|0,0,0|0,0,0|0,0,0|0,0,0|0,0,0|0,0,0|0,0,0|0,0,0|0,0,0|0,0,0|0,0,0|0,0,0|0,0,0
0,0,0|0,0,0|4,0,0|1,0,0|1,0,0|1,0,0|1,0,0|3,0,0|1,0,0|1,0,0|1,0,0|1,0,0|1,0,0|1,0,0|2,0,0|4,0,0|0,0,0|0,0,0|0,0,0|0,0,0|4,0,0|2,0,0|1,0,0|1,0,0|1,0,0|1,0,0|1,0,0|1,0,0|4,0,0|0,0,0|0,0,0|0,0,0|0,0,0|0,0,0|0,0,0|0,0,0|0,0,0|0,0,0|0,0,0|0,0,0|0,0,0|0,0,0|0,0,0|0,0,0|0,0,0|0,0,0|0,0,0|0,0,0|0,0,0|0,0,0
0,0,0|0,0,0|4,0,0|1,0,0|1,22,7|1,0,0|1,0,0|1,0,0|1,0,0|1,0,0|3,0,0|1,0,0|1,0,0|1,0,0|1,0,0|4,0,0|0,0,0|0,0,0|0,0,0|0,0,0|4,0,0|1,0,0|1,0,0|1,0,0|1,0,0|1,0,0|1,0,0|1,0,0|4,0,0|0,0,0|0,0,0|0,0,0|0,0,0|0,0,0|0,0,0|0,0,0|0,0,0|0,0,0|0,0,0|0,0,0|0,0,0|0,0,0|0,0,0|0,0,0|0,0,0|0,0,0|0,0,0|0,0,0|0,0,0|0,0,0
0,0,0|0,0,0|4,0,0|1,0,0|1,0,0|1,0,0|1,0,0|3,0,0|1,0,0|1,0,0|1,0,0|3,0,0|1,0,0|1,0,0|1,0,0|4,0,0|7,0,0|5,0,0|5,0,0|5,0,0|9,0,0|3,0,0|1,0,0|1,0,0|1,0,0|1,0,0|1,0,0|1,0,0|4,0,0|0,0,0|0,0,0|0,0,0|0,0,0|0,0,0|0,0,0|0,0,0|0,0,0|0,0,0|0,0,0|0,0,0|0,0,0|0,0,0|0,0,0|0,0,0|0,0,0|0,0,0|0,0,0|0,0,0|0,0,0|0,0,0
0,0,0|0,0,0|4,0,0|1,0,0|1,0,0|1,0,0|1,0,0|1,0,0|1,0,0|1,0,0|1,0,0|1,0,0|1,0,0|1,0,0|1,0,0|4,0,0|4,0,0|1,0,0|1,0,0|1,0,0|1,38,0|1,0,0|1,0,0|1,0,0|1,0,0|1,0,0|1,0,0|1,0,0|4,0,0|0,0,0|0,0,0|0,0,0|0,0,0|0,0,0|0,0,0|0,0,0|0,0,0|0,0,0|0,0,0|0,0,0|0,0,0|0,0,0|0,0,0|0,0,0|0,0,0|0,0,0|0,0,0|0,0,0|0,0,0|0,0,0
0,0,0|0,0,0|8,0,0|5,0,0|5,0,0|5,0,0|5,0,0|5,0,0|6,0,0|1,0,0|7,0,0|5,0,0|5,0,0|5,0,0|5,0,0|9,0,0|4,0,0|2,0,0|7,0,0|5,0,0|6,0,0|1,0,0|1,0,0|1,0,0|1,0,0|1,0,0|2,0,0|1,0,0|4,0,0|0,0,0|0,0,0|0,0,0|0,0,0|0,0,0|0,0,0|0,0,0|0,0,0|0,0,0|0,0,0|0,0,0|0,0,0|0,0,0|0,0,0|0,0,0|0,0,0|0,0,0|0,0,0|0,0,0|0,0,0|0,0,0
0,0,0|0,0,0|0,0,0|0,0,0|0,0,0|0,0,0|0,0,0|0,0,0|4,0,0|1,55,0|4,0,0|0,0,0|0,0,0|0,0,0|0,0,0|0,0,0|4,0,0|1,0,0|4,0,0|0,0,0|4,0,0|1,0,0|1,0,0|1,0,0|1,0,0|3,0,0|1,0,0|1,0,0|4,0,0|0,0,0|0,0,0|0,0,0|0,0,0|0,0,0|0,0,0|0,0,0|0,0,0|0,0,0|0,0,0|0,0,0|0,0,0|0,0,0|0,0,0|0,0,0|0,0,0|0,0,0|0,0,0|0,0,0|0,0,0|0,0,0
0,0,0|0,0,0|0,0,0|0,0,0|0,0,0|0,0,0|0,0,0|0,0,0|4,0,0|1,0,0|4,0,0|0,0,0|0,0,0|0,0,0|0,0,0|0,0,0|4,0,0|1,0,0|4,0,0|0,0,0|4,0,0|1,0,0|1,0,0|1,0,0|1,0,0|1,0,0|1,0,0|1,0,0|4,0,0|0,0,0|0,0,0|0,0,0|0,0,0|0,0,0|0,0,0|0,0,0|0,0,0|0,0,0|0,0,0|0,0,0|0,0,0|0,0,0|0,0,0|0,0,0|0,0,0|0,0,0|0,0,0|0,0,0|0,0,0|0,0,0
0,0,0|7,0,0|5,0,0|5,0,0|5,0,0|5,0,0|5,0,0|5,0,0|9,0,0|1,0,0|8,0,0|6,0,0|0,0,0|0,0,0|0,0,0|0,0,0|4,0,0|1,0,0|4,0,0|0,0,0|4,0,0|3,3,0|1,0,0|1,0,0|1,0,0|1,0,0|1,0,0|1,3,0|4,0,0|0,0,0|0,0,0|0,0,0|0,0,0|0,0,0|0,0,0|0,0,0|0,0,0|0,0,0|0,0,0|0,0,0|0,0,0|0,0,0|0,0,0|0,0,0|0,0,0|0,0,0|0,0,0|0,0,0|0,0,0|0,0,0
0,0,0|4,0,0|2,19,0|1,19,0|1,67,0|1,69,0|1,9,0|1,0,0|2,0,0|1,0,0|1,19,0|4,0,0|0,0,0|0,0,0|0,0,0|0,0,0|4,0,0|1,0,0|4,0,0|0,0,0|4,0,0|1,3,0|1,4,0|1,0,0|1,0,0|1,0,0|1,3,0|1,4,0|4,0,0|0,0,0|0,0,0|0,0,0|0,0,0|0,0,0|0,0,0|0,0,0|0,0,0|0,0,0|0,0,0|0,0,0|0,0,0|0,0,0|0,0,0|7,0,0|5,0,0|5,0,0|5,0,0|5,0,0|5,0,0|6,0,0
0,0,0|4,0,0|1,19,0|1,69,0|1,0,0|1,0,0|2,78,0|1,0,0|1,0,0|1,0,0|1,20,0|4,0,0|0,0,0|0,0,0|0,0,0|0,0,0|4,0,0|1,0,0|4,0,0|0,0,0|8,0,0|5,0,0|5,0,0|6,0,0|1,0,0|7,0,0|5,0,0|6,0,0|4,0,0|0,0,0|0,0,0|0,0,0|0,0,0|0,0,0|0,0,0|0,0,0|0,0,0|0,0,0|0,0,0|0,0,0|0,0,0|0,0,0|0,0,0|4,0,0|1,10,0|1,9,0|1,10,0|1,10,0|1,9,0|4,0,0
0,0,0|4,0,0|1,67,0|1,0,0|1,0,0|1,0,0|1,0,0|2,0,0|1,0,0|1,0,0|1,19,0|4,0,0|0,0,0|0,0,0|0,0,0|0,0,0|4,0,0|1,0,0|4,0,0|0,0,0|0,0,0|0,0,0|0,0,0|4,0,0|1,0,0|8,0,0|5,0,0|12,0,0|12,0,0|5,0,0|5,0,0|5,0,0|5,0,0|5,0,0|5,0,0|5,0,0|5,0,0|5,0,0|5,0,0|5,0,0|5,0,0|5,0,0|5,0,0|9,0,0|1,0,0|1,78,0|1,0,0|1,0,0|1,0,0|4,0,0
0,0,0|4,0,0|1,69,0|1,0,0|1,0,0|1,0,0|1,0,0|1,0,0|1,0,0|1,0,0|1,20,0|4,0,0|0,0,0|0,0,0|0,0,0|0,0,0|4,0,0|1,0,0|4,0,0|0,0,0|0,0,0|0,0,0|0,0,0|4,0,0|1,0,0|1,0,0|1,0,0|1,0,0|1,0,0|1,0,0|1,0,0|2,0,0|1,0,0|1,38,0|1,0,0|1,0,0|1,0,0|1,0,0|1,0,0|1,0,0|1,0,0|1,0,0|1,0,0|1,0,0|1,0,0|1,0,0|1,0,0|3,0,1|1,0,0|4,0,0
0,0,0|4,0,0|2,0,0|1,0,0|3,0,0|1,0,0|1,0,0|1,0,0|1,0,0|1,0,0|1,20,0|4,0,0|0,0,0|0,0,0|0,0,0|0,0,0|4,0,0|1,0,0|4,0,0|0,0,0|0,0,0|0,0,0|0,0,0|8,0,0|5,0,0|5,0,0|5,0,0|5,0,0|5,0,0|5,0,0|5,0,0|5,0,0|6,0,0|2,0,0|7,0,0|5,0,0|5,0,0|5,0,0|5,0,0|5,0,0|5,0,0|5,0,0|5,0,0|6,0,0|1,0,0|1,0,0|1,0,0|1,0,0|1,0,0|4,0,0
0,0,0|4,0,0|1,0,0|2,0,0|1,0,0|1,0,0|1,0,0|1,0,0|1,0,0|1,0,0|1,19,0|4,0,0|0,0,0|0,0,0|0,0,0|0,0,0|4,0,0|2,0,0|4,0,0|0,0,0|0,0,0|0,0,0|0,0,0|0,0,0|0,0,0|0,0,0|0,0,0|0,0,0|0,0,0|0,0,0|0,0,0|0,0,0|4,0,0|3,0,0|4,0,0|0,0,0|0,0,0|0,0,0|0,0,0|0,0,0|0,0,0|0,0,0|0,0,0|4,0,0|1,0,0|1,0,0|1,0,0|1,0,0|1,0,0|4,0,0
0,0,0|4,0,0|1,0,0|1,0,0|1,0,0|1,0,0|1,0,0|1,0,0|1,0,0|1,0,0|1,19,0|4,0,0|0,0,0|0,0,0|0,0,0|0,0,0|4,0,0|1,0,0|4,0,0|0,0,0|0,0,0|0,0,0|0,0,0|0,0,0|0,0,0|0,0,0|0,0,0|0,0,0|0,0,0|0,0,0|7,0,0|5,0,0|9,0,0|1,0,0|8,0,0|6,0,0|0,0,0|0,0,0|0,0,0|0,0,0|0,0,0|0,0,0|7,0,0|12,0,0|5,0,0|5,0,0|5,0,0|5,0,0|5,0,0|9,0,0
0,0,0|4,0,0|1,13,0|1,0,0|1,13,0|1,0,0|1,0,0|1,0,0|1,0,0|1,0,0|1,67,0|4,0,0|0,0,0|0,0,0|0,0,0|0,0,0|4,0,0|1,0,0|4,0,0|0,0,0|0,0,0|0,0,0|0,0,0|0,0,0|0,0,0|0,0,0|0,0,0|0,0,0|0,0,0|0,0,0|4,0,0|1,9,0|1,10,0|1,0,0|1,10,0|4,0,0|0,0,0|7,0,0|5,0,0|5,0,0|5,0,0|5,0,0|14,0,0|0,0,0|0,0,0|0,0,0|0,0,0|0,0,0|0,0,0|0,0,0
0,0,0|4,0,0|1,12,0|1,0,0|1,11,0|1,0,0|1,0,0|1,0,0|2,0,0|1,0,0|1,67,0|8,0,0|5,0,0|5,0,0|5,0,0|5,0,0|9,0,0|1,0,0|8,0,0|5,0,0|5,0,0|5,0,0|5,0,0|5,0,0|5,0,0|5,0,0|5,0,0|5,0,0|5,0,0|5,0,0|9,0,0|1,0,0|3,78,0|1,0,0|1,0,0|4,0,0|0,0,0|4,0,0|1,10,0|1,9,0|1,10,0|1,10,0|4,0,0|0,0,0|0,0,0|0,0,0|0,0,0|0,0,0|0,0,0|0,0,0
0,0,0|4,0,0|1,13,0|3,0,0|1,13,0|1,0,0|1,0,0|1,0,0|1,0,0|3,0,0|1,0,0|1,0,0|1,0,0|1,0,0|1,0,0|1,0,0|1,0,0|1,0,0|1,0,0|1,0,0|1,0,0|1,0,0|1,0,0|1,0,0|1,0,0|1,0,0|1,0,0|1,0,0|1,0,0|1,0,0|1,0,0|1,0,0|1,0,0|1,0,0|1,0,0|4,0,0|0,0,0|4,0,0|1,0,0|1,78,0|1,0,0|2,0,0|4,0,0|0,0,0|0,0,0|0,0,0|0,0,0|0,0,0|0,0,0|0,0,0
0,0,0|4,0,0|1,12,0|1,0,0|1,12,0|1,0,0|1,0,0|1,64,0|1,65,0|1,0,0|7,0,0|13,0,0|5,0,0|5,0,0|5,0,0|16,0,0|1,0,0|1,0,0|1,0,0|1,0,0|1,13,0|1,14,0|1,13,0|1,13,0|1,14,0|1,13,0|1,0,0|1,0,0|1,0,0|7,0,0|6,0,0|1,48,0|1,0,0|1,0,0|1,50,0|4,0,0|0,0,0|4,0,0|1,0,0|1,0,0|1,0,0|1,0,0|4,0,0|0,0,0|0,0,0|0,0,0|0,0,0|0,0,0|0,0,0|0,0,0
0,0,0|8,0,0|5,0,0|5,0,0|5,0,0|6,0,0|1,0,0|7,0,0|6,0,0|1,0,0|4,0,0|4,0,0|1,0,0|1,0,0|1,0,0|1,0,0|1,0,0|1,0,0|1,0,0|1,3,0|1,86,0|1,84,0|1,87,0|1,83,0|1,84,0|1,87,0|1,5,0|1,0,0|1,0,0|4,0,0|4,0,0|1,50,0|2,49,0|1,50,0|1,48,0|4,0,0|0,0,0|4,0,0|1,0,0|1,0,0|1,0,0|1,0,0|4,0,0|0,0,0|0,0,0|0,0,0|0,0,0|0,0,0|0,0,0|0,0,0
0,0,0|0,0,0|0,0,0|0,0,0|0,0,0|4,0,0|1,0,0|4,0,0|4,0,0|1,0,0|4,0,0|4,0,0|1,0,0|7,0,0|5,0,0|6,0,0|1,0,0|1,0,0|1,0,0|1,4,0|1,3,0|1,45,0|1,48,0|1,78,0|1,45,0|1,3,0|1,4,0|1,0,0|1,0,0|4,0,0|8,0,0|5,0,0|5,0,0|5,0,0|6,0,0|4,0,0|0,0,0|4,0,0|1,0,0|1,0,0|1,0,0|1,0,0|4,0,0|0,0,0|0,0,0|0,0,0|0,0,0|0,0,0|0,0,0|0,0,0
0,0,0|0,0,0|0,0,0|0,0,0|0,0,0|4,0,0|1,0,0|4,0,0|4,0,0|2,0,0|8,0,0|9,0,0|1,0,0|8,0,0|5,0,0|9,0,0|1,0,0|1,0,0|1,0,0|1,0,0|1,0,0|1,0,0|1,0,0|1,0,0|1,0,0|1,0,0|1,0,0|2,0,0|3,0,0|8,0,0|5,0,0|5,0,0|5,0,0|5,0,0|12,0,0|12,0,0|5,0,0|9,0,0|1,0,0|1,0,0|1,0,0|1,0,0|4,0,0|0,0,0|0,0,0|0,0,0|0,0,0|0,0,0|0,0,0|0,0,0
0,0,0|0,0,0|0,0,0|0,0,0|0,0,0|4,0,0|1,0,0|4,0,0|4,0,0|1,0,0|1,0,0|1,0,0|1,0,0|1,0,0|1,0,0|1,0,0|1,0,0|1,0,0|1,0,0|1,0,0|1,0,0|2,0,0|1,0,0|2,0,0|1,0,0|1,0,0|1,0,0|1,0,0|1,0,0|1,38,0|1,0,0|1,0,0|1,0,0|1,0,0|1,0,0|1,0,0|1,0,0|1,0,0|1,0,0|2,0,0|1,0,0|1,0,0|4,0,0|0,0,0|0,0,0|0,0,0|0,0,0|0,0,0|0,0,0|0,0,0
0,0,0|0,0,0|0,0,0|0,0,0|0,0,0|4,0,0|1,0,0|4,0,0|8,0,0|5,0,0|5,0,0|6,0,0|1,0,0|7,0,0|5,0,0|5,0,0|6,0,0|1,0,0|7,0,0|5,0,0|5,0,0|5,0,0|5,0,0|5,0,0|5,0,0|5,0,0|5,0,0|5,0,0|5,0,0|5,0,0|5,0,0|5,0,0|5,0,0|5,0,0|5,0,0|5,0,0|5,0,0|6,0,0|2,0,0|1,0,0|1,0,0|1,0,0|4,0,0|0,0,0|0,0,0|0,0,0|0,0,0|0,0,0|0,0,0|0,0,0
0,0,0|0,0,0|0,0,0|0,0,0|0,0,0|4,0,0|1,0,0|4,0,0|0,0,0|0,0,0|0,0,0|4,0,0|2,0,0|4,0,0|0,0,0|0,0,0|4,0,0|1,0,0|4,0,0|0,0,0|0,0,0|0,0,0|0,0,0|0,0,0|0,0,0|0,0,0|0,0,0|0,0,0|0,0,0|0,0,0|0,0,0|0,0,0|0,0,0|0,0,0|0,0,0|0,0,0|0,0,0|4,0,0|3,0,0|1,0,0|1,0,0|1,0,0|4,0,0|0,0,0|0,0,0|0,0,0|0,0,0|0,0,0|0,0,0|0,0,0
0,0,0|0,0,0|0,0,0|0,0,0|0,0,0|4,0,0|1,0,0|4,0,0|0,0,0|0,0,0|0,0,0|4,0,0|1,0,0|11,0,0|5,0,0|5,0,0|9,0,0|1,0,0|8,0,0|5,0,0|5,0,0|6,0,0|0,0,0|0,0,0|0,0,0|0,0,0|0,0,0|0,0,0|0,0,0|0,0,0|0,0,0|0,0,0|0,0,0|0,0,0|0,0,0|0,0,0|0,0,0|4,0,0|1,49,0|1,0,0|2,0,0|1,63,0|4,0,0|0,0,0|0,0,0|0,0,0|0,0,0|0,0,0|0,0,0|0,0,0
0,0,0|0,0,0|0,0,0|0,0,0|0,0,0|4,0,0|1,0,0|4,0,0|0,0,0|0,0,0|0,0,0|4,0,0|1,0,0|4,0,0|1,9,0|1,9,0|1,0,0|1,0,0|1,0,0|3,9,0|1,9,0|4,0,0|0,0,0|0,0,0|0,0,0|0,0,0|0,0,0|0,0,0|0,0,0|0,0,0|0,0,0|0,0,0|0,0,0|0,0,0|0,0,0|0,0,0|0,0,0|4,0,0|1,50,0|1,0,0|1,0,0|1,63,0|4,0,0|0,0,0|0,0,0|0,0,0|0,0,0|0,0,0|0,0,0|0,0,0
0,0,0|0,0,0|0,0,0|0,0,0|0,0,0|4,0,0|1,0,0|4,0,0|0,0,0|0,0,0|0,0,0|4,0,0|1,0,0|4,0,0|1,78,0|1,0,0|1,0,0|1,0,0|1,0,0|1,0,0|1,0,0|4,0,0|0,0,0|0,0,0|0,0,0|0,0,0|0,0,0|0,0,0|0,0,0|0,0,0|0,0,0|0,0,0|0,0,0|0,0,0|0,0,0|0,0,0|0,0,0|4,0,0|1,62,0|1,0,0|1,0,0|1,61,0|4,0,0|0,0,0|0,0,0|0,0,0|0,0,0|0,0,0|0,0,0|0,0,0
0,0,0|0,0,0|0,0,0|0,0,0|0,0,0|4,0,0|2,0,0|4,0,0|0,0,0|0,0,0|0,0,0|4,0,0|1,0,0|4,0,0|1,3,0|1,0,0|1,0,0|1,0,0|1,0,0|1,0,0|1,3,0|4,0,0|0,0,0|0,0,0|0,0,0|0,0,0|0,0,0|0,0,0|0,0,0|0,0,0|0,0,0|0,0,0|0,0,0|0,0,0|0,0,0|0,0,0|0,0,0|4,0,0|1,61,0|1,62,0|1,63,0|1,61,0|4,0,0|0,0,0|0,0,0|0,0,0|0,0,0|0,0,0|0,0,0|0,0,0
0,0,0|0,0,0|0,0,0|0,0,0|0,0,0|4,0,0|1,0,0|4,0,0|0,0,0|0,0,0|0,0,0|4,0,0|1,0,0|4,0,0|1,3,0|1,3,0|1,0,0|1,0,0|1,0,0|1,3,0|1,3,0|4,0,0|0,0,0|0,0,0|0,0,0|0,0,0|0,0,0|0,0,0|0,0,0|0,0,0|0,0,0|0,0,0|0,0,0|0,0,0|0,0,0|0,0,0|0,0,0|8,0,0|5,0,0|5,0,0|5,0,0|6,0,0|4,0,0|0,0,0|0,0,0|0,0,0|0,0,0|0,0,0|0,0,0|0,0,0
0,0,0|0,0,0|0,0,0|0,0,0|0,0,0|4,0,0|1,0,0|4,0,0|0,0,0|0,0,0|0,0,0|4,0,0|1,0,0|11,0,0|5,0,0|5,0,0|6,0,0|1,0,0|7,0,0|5,0,0|5,0,0|9,0,0|0,0,0|0,0,0|0,0,0|0,0,0|0,0,0|0,0,0|0,0,0|7,0,0|5,0,0|5,0,0|5,0,0|5,0,0|5,0,0|5,0,0|5,0,0|5,0,0|5,0,0|5,0,0|5,0,0|12,0,0|14,0,0|0,0,0|0,0,0|0,0,0|0,0,0|0,0,0|0,0,0|0,0,0
0,0,0|0,0,0|0,0,0|0,0,0|0,0,0|4,0,0|3,0,0|4,0,0|0,0,0|0,0,0|0,0,0|4,0,0|1,0,0|4,0,0|0,0,0|0,0,0|4,0,0|1,0,0|4,0,0|0,0,0|0,0,0|0,0,0|0,0,0|0,0,0|0,0,0|0,0,0|0,0,0|0,0,0|0,0,0|4,0,0|1,88,0|1,89,0|1,90,0|1,0,0|2,10,0|1,88,0|1,90,0|2,10,0|1,0,0|1,88,0|1,89,0|1,90,0|4,0,0|0,0,0|0,0,0|0,0,0|0,0,0|0,0,0|0,0,0|0,0,0
0,0,0|0,0,0|0,0,0|0,0,0|0,0,0|4,0,0|1,0,0|4,0,0|0,0,0|0,0,0|0,0,0|4,0,0|1,0,0|4,0,0|0,0,0|0,0,0|4,0,0|1,0,0|4,0,0|0,0,0|0,0,0|0,0,0|0,0,0|0,0,0|0,0,0|0,0,0|0,0,0|0,0,0|0,0,0|4,0,0|1,0,0|1,0,0|1,0,0|1,0,0|1,0,0|1,0,0|1,0,0|1,0,0|1,0,0|1,0,0|1,0,0|1,0,0|4,0,0|0,0,0|0,0,0|0,0,0|0,0,0|0,0,0|0,0,0|0,0,0
0,0,0|0,0,0|0,0,0|0,0,0|0,0,0|4,0,0|1,0,0|4,0,0|0,0,0|0,0,0|0,0,0|4,0,0|1,0,0|4,0,0|0,0,0|0,0,0|4,0,0|1,0,0|4,0,0|0,0,0|0,0,0|0,0,0|0,0,0|0,0,0|0,0,0|0,0,0|0,0,0|0,0,0|0,0,0|4,0,0|1,88,0|1,89,0|1,90,0|1,0,0|1,0,0|1,88,0|1,90,0|1,0,0|1,0,0|1,88,0|1,89,0|1,90,0|4,0,0|0,0,0|0,0,0|0,0,0|0,0,0|0,0,0|0,0,0|0,0,0
0,0,0|0,0,0|0,0,0|0,0,0|0,0,0|4,0,0|1,0,0|8,0,0|5,0,0|5,0,0|5,0,0|9,0,0|1,0,0|8,0,0|5,0,0|5,0,0|9,0,0|1,0,0|8,0,0|6,0,0|0,0,0|0,0,0|0,0,0|0,0,0|0,0,0|0,0,0|0,0,0|0,0,0|0,0,0|4,0,0|1,0,0|1,0,0|1,0,0|1,0,0|1,0,0|1,0,0|1,0,0|1,0,0|1,0,0|1,0,0|1,0,0|1,0,0|4,0,0|0,0,0|0,0,0|0,0,0|0,0,0|0,0,0|0,0,0|0,0,0
0,0,0|0,0,0|0,0,0|0,0,0|0,0,0|4,0,0|1,0,0|1,10,0|1,86,0|1,87,0|1,9,0|1,10,0|1,0,0|2,10,0|1,86,0|1,87,0|1,10,0|1,0,0|1,0,0|8,0,0|5,0,0|5,0,0|5,0,0|5,0,0|5,0,0|5,0,0|5,0,0|5,0,0|5,0,0|9,0,0|1,0,0|1,0,0|1,0,0|1,0,0|1,0,0|1,88,0|1,90,0|1,0,0|2,0,0|1,88,0|2,89,0|1,90,0|4,0,0|0,0,0|0,0,0|0,0,0|0,0,0|0,0,0|0,0,0|0,0,0
0,0,0|0,0,0|0,0,0|0,0,0|0,0,0|4,0,0|1,0,0|1,0,0|1,0,0|1,0,0|1,0,0|1,0,0|1,0,0|1,0,0|1,0,0|1,0,0|1,0,0|1,0,0|3,0,0|1,38,0|1,0,0|1,0,0|1,0,0|1,0,0|1,0,0|1,0,0|1,0,0|1,0,0|1,0,0|1,0,0|1,0,0|1,0,0|1,0,0|1,0,0|1,0,0|1,0,0|1,0,0|1,0,0|1,0,0|1,0,0|1,0,0|1,0,0|4,0,0|0,0,0|0,0,0|0,0,0|0,0,0|0,0,0|0,0,0|0,0,0
0,0,0|0,0,0|0,0,0|0,0,0|0,0,0|4,0,0|1,0,0|3,0,0|1,83,0|1,85,0|1,78,0|1,0,0|1,0,0|2,0,0|1,83,0|1,85,0|1,0,0|1,0,0|1,0,0|7,0,0|5,0,0|5,0,0|5,0,0|5,0,0|5,0,0|5,0,0|5,0,0|5,0,0|5,0,0|6,0,0|1,0,0|1,0,0|1,0,0|1,0,0|1,0,0|1,0,0|1,0,0|1,0,0|1,0,0|1,0,0|1,0,0|1,0,0|4,0,0|0,0,0|0,0,0|0,0,0|0,0,0|0,0,0|0,0,0|0,0,0
0,0,0|0,0,0|0,0,0|0,0,0|0,0,0|4,0,0|1,62,0|2,0,0|1,0,0|1,0,0|1,0,0|2,0,0|1,0,0|1,0,0|1,0,0|1,0,0|2,0,0|1,0,0|1,61,0|4,0,0|0,0,0|0,0,0|0,0,0|0,0,0|0,0,0|0,0,0|0,0,0|0,0,0|0,0,0|4,0,0|1,0,0|1,0,0|1,0,0|1,0,0|1,0,0|1,12,0|1,59,0|1,0,0|1,0,0|1,0,0|1,0,0|1,0,0|4,0,0|0,0,0|0,0,0|0,0,0|0,0,0|0,0,0|0,0,0|0,0,0
0,0,0|0,0,0|0,0,0|0,0,0|0,0,0|4,0,0|1,61,0|1,62,0|1,0,0|1,0,0|1,0,0|1,0,0|1,0,0|1,0,0|1,0,0|1,0,0|1,0,0|1,62,0|1,63,0|4,0,0|0,0,0|0,0,0|0,0,0|0,0,0|0,0,0|0,0,0|0,0,0|0,0,0|0,0,0|4,0,0|1,0,0|1,0,0|1,0,0|3,0,0|1,0,0|1,78,0|1,0,0|1,0,0|1,0,0|1,0,0|1,0,0|1,0,0|4,0,0|0,0,0|0,0,0|0,0,0|0,0,0|0,0,0|0,0,0|0,0,0
0,0,0|0,0,0|0,0,0|0,0,0|0,0,0|8,0,0|5,0,0|5,0,0|5,0,0|5,0,0|5,0,0|5,0,0|5,0,0|5,0,0|5,0,0|5,0,0|5,0,0|5,0,0|5,0,0|9,0,0|0,0,0|0,0,0|0,0,0|0,0,0|0,0,0|0,0,0|0,0,0|0,0,0|0,0,0|4,0,0|1,0,0|1,0,0|1,0,0|1,0,0|1,0,0|1,0,0|1,0,0|1,0,0|1,0,0|1,0,0|1,0,0|1,0,0|4,0,0|0,0,0|0,0,0|0,0,0|0,0,0|0,0,0|0,0,0|0,0,0
0,0,0|0,0,0|0,0,0|0,0,0|0,0,0|0,0,0|0,0,0|0,0,0|0,0,0|0,0,0|0,0,0|0,0,0|0,0,0|0,0,0|0,0,0|0,0,0|0,0,0|0,0,0|0,0,0|0,0,0|0,0,0|0,0,0|0,0,0|0,0,0|0,0,0|0,0,0|0,0,0|0,0,0|0,0,0|8,0,0|5,0,0|5,0,0|5,0,0|5,0,0|5,0,0|5,0,0|5,0,0|5,0,0|5,0,0|5,0,0|5,0,0|5,0,0|9,0,0|0,0,0|0,0,0|0,0,0|0,0,0|0,0,0|0,0,0|0,0,0
0,0,0|0,0,0|0,0,0|0,0,0|0,0,0|0,0,0|0,0,0|0,0,0|0,0,0|0,0,0|0,0,0|0,0,0|0,0,0|0,0,0|0,0,0|0,0,0|0,0,0|0,0,0|0,0,0|0,0,0|0,0,0|0,0,0|0,0,0|0,0,0|0,0,0|0,0,0|0,0,0|0,0,0|0,0,0|0,0,0|0,0,0|0,0,0|0,0,0|0,0,0|0,0,0|0,0,0|0,0,0|0,0,0|0,0,0|0,0,0|0,0,0|0,0,0|0,0,0|0,0,0|0,0,0|0,0,0|0,0,0|0,0,0|0,0,0|0,0,0
0,0,0|0,0,0|0,0,0|0,0,0|0,0,0|0,0,0|0,0,0|0,0,0|0,0,0|0,0,0|0,0,0|0,0,0|0,0,0|0,0,0|0,0,0|0,0,0|0,0,0|0,0,0|0,0,0|0,0,0|0,0,0|0,0,0|0,0,0|0,0,0|0,0,0|0,0,0|0,0,0|0,0,0|0,0,0|0,0,0|0,0,0|0,0,0|0,0,0|0,0,0|0,0,0|0,0,0|0,0,0|0,0,0|0,0,0|0,0,0|0,0,0|0,0,0|0,0,0|0,0,0|0,0,0|0,0,0|0,0,0|0,0,0|0,0,0|0,0,0
0,0,0|0,0,0|0,0,0|0,0,0|0,0,0|0,0,0|0,0,0|0,0,0|0,0,0|0,0,0|0,0,0|0,0,0|0,0,0|0,0,0|0,0,0|0,0,0|0,0,0|0,0,0|0,0,0|0,0,0|0,0,0|0,0,0|0,0,0|0,0,0|0,0,0|0,0,0|0,0,0|0,0,0|0,0,0|0,0,0|0,0,0|0,0,0|0,0,0|0,0,0|0,0,0|0,0,0|0,0,0|0,0,0|0,0,0|0,0,0|0,0,0|0,0,0|0,0,0|0,0,0|0,0,0|0,0,0|0,0,0|0,0,0|0,0,0|0,0,0
